%%MatrixMarket matrix coordinate real general
%
10 811 1169
1 289 5.576570236632304E-2
1 375 4.878839990325044E-2
1 685 6.559965786234125E-2
1 633 6.559965786234125E-2
1 303 6.559965786234125E-2
1 322 5.576570236632304E-2
1 443 5.576570236632304E-2
1 749 3.8954444407232246E-2
1 628 4.337638365582033E-2
1 182 6.559965786234125E-2
1 116 6.559965786234125E-2
1 465 5.576570236632304E-2
1 696 4.878839990325044E-2
1 726 6.559965786234125E-2
1 732 5.576570236632304E-2
1 175 5.576570236632304E-2
1 236 4.878839990325044E-2
1 356 6.559965786234125E-2
1 518 6.559965786234125E-2
1 629 6.559965786234125E-2
1 742 3.8954444407232246E-2
1 253 4.878839990325044E-2
1 528 5.576570236632304E-2
1 51 4.878839990325044E-2
1 803 5.576570236632304E-2
1 103 6.559965786234125E-2
1 407 6.559965786234125E-2
1 273 5.576570236632304E-2
1 302 6.559965786234125E-2
1 756 6.559965786234125E-2
1 159 6.559965786234125E-2
1 711 6.559965786234125E-2
1 435 6.559965786234125E-2
1 365 4.337638365582033E-2
1 447 4.337638365582033E-2
1 384 4.337638365582033E-2
1 180 1.1153140473264608E-1
1 113 6.559965786234125E-2
1 207 4.337638365582033E-2
1 753 6.559965786234125E-2
1 205 6.559965786234125E-2
1 553 9.757679980650089E-2
1 580 6.559965786234125E-2
1 106 6.559965786234125E-2
1 270 3.197714194415964E-2
1 274 4.878839990325044E-2
1 792 5.576570236632304E-2
1 736 6.559965786234125E-2
1 508 6.559965786234125E-2
1 171 6.559965786234125E-2
1 666 9.757679980650089E-2
1 332 6.559965786234125E-2
1 408 4.878839990325044E-2
1 428 6.559965786234125E-2
1 462 3.5215748043998414E-2
1 785 6.559965786234125E-2
1 329 6.559965786234125E-2
1 22 6.559965786234125E-2
1 438 6.559965786234125E-2
1 583 4.337638365582033E-2
1 701 6.559965786234125E-2
1 737 1.311993157246825E-1
1 367 6.559965786234125E-2
1 626 5.576570236632304E-2
1 575 5.576570236632304E-2
1 783 5.576570236632304E-2
1 758 1.311993157246825E-1
1 158 1.311993157246825E-1
1 694 1.30129150967461E-1
1 634 6.559965786234125E-2
1 386 5.576570236632304E-2
1 683 6.559965786234125E-2
1 808 1.4636519970975131E-1
1 498 1.311993157246825E-1
1 780 1.311993157246825E-1
1 456 6.559965786234125E-2
1 89 4.878839990325044E-2
1 474 6.559965786234125E-2
1 427 6.559965786234125E-2
1 157 6.559965786234125E-2
1 591 6.559965786234125E-2
1 568 6.559965786234125E-2
1 166 6.559965786234125E-2
1 357 2.62398631449365E-1
1 526 1.311993157246825E-1
1 739 5.576570236632304E-2
1 163 6.559965786234125E-2
1 216 6.559965786234125E-2
1 123 6.559965786234125E-2
1 570 8.675276731164067E-2
1 352 6.559965786234125E-2
1 684 6.559965786234125E-2
1 66 1.311993157246825E-1
1 486 5.576570236632304E-2
1 647 6.559965786234125E-2
1 425 6.559965786234125E-2
1 691 6.559965786234125E-2
1 293 3.5215748043998414E-2
1 507 6.559965786234125E-2
1 409 5.576570236632304E-2
1 541 1.6729710709896914E-1
1 493 4.878839990325044E-2
1 102 9.757679980650089E-2
1 594 5.576570236632304E-2
1 700 6.559965786234125E-2
1 802 7.790888881446449E-2
1 203 1.0564724413199525E-1
1 809 4.878839990325044E-2
1 797 4.337638365582033E-2
1 311 8.675276731164067E-2
1 372 4.337638365582033E-2
1 211 3.8954444407232246E-2
1 779 3.279982893117062E-1
1 540 3.9359794717404745E-1
1 625 1.4636519970975131E-1
1 723 3.8954444407232246E-2
1 488 1.311993157246825E-1
1 687 1.311993157246825E-1
1 483 1.311993157246825E-1
1 13 3.5215748043998414E-2
1 305 3.5215748043998414E-2
1 208 3.8954444407232246E-2
1 468 7.790888881446449E-2
1 404 3.8954444407232246E-2
2 359 4.7821964346301725E-2
2 603 6.430021287116387E-2
2 105 5.46610554065558E-2
2 461 6.430021287116387E-2
2 85 4.251715319161237E-2
2 187 4.7821964346301725E-2
2 534 4.7821964346301725E-2
2 546 5.46610554065558E-2
2 361 6.430021287116387E-2
2 196 5.46610554065558E-2
2 348 4.7821964346301725E-2
2 38 5.46610554065558E-2
2 36 6.430021287116387E-2
2 452 3.4518169292865816E-2
2 299 6.430021287116387E-2
2 620 4.7821964346301725E-2
2 450 6.430021287116387E-2
2 431 6.430021287116387E-2
2 702 6.430021287116387E-2
2 500 5.46610554065558E-2
2 621 6.430021287116387E-2
2 238 6.430021287116387E-2
2 584 6.430021287116387E-2
2 525 6.430021287116387E-2
2 179 6.430021287116387E-2
2 169 6.430021287116387E-2
2 190 6.430021287116387E-2
2 560 6.430021287116387E-2
2 678 1.2860042574232775E-1
2 381 6.430021287116387E-2
2 662 5.46610554065558E-2
2 317 6.430021287116387E-2
2 327 6.430021287116387E-2
2 355 6.430021287116387E-2
2 654 6.430021287116387E-2
2 784 6.430021287116387E-2
2 464 6.430021287116387E-2
2 275 1.2860042574232775E-1
2 604 5.46610554065558E-2
2 353 1.2860042574232775E-1
2 795 6.430021287116387E-2
2 554 5.46610554065558E-2
2 555 6.430021287116387E-2
2 796 6.430021287116387E-2
2 319 6.430021287116387E-2
2 735 6.430021287116387E-2
2 800 1.2860042574232775E-1
2 577 1.2860042574232775E-1
2 237 6.430021287116387E-2
2 794 6.430021287116387E-2
2 612 6.430021287116387E-2
2 645 6.430021287116387E-2
2 466 5.46610554065558E-2
2 636 1.2860042574232775E-1
2 421 6.430021287116387E-2
2 71 4.7821964346301725E-2
2 255 5.46610554065558E-2
2 449 5.46610554065558E-2
2 434 1.2860042574232775E-1
2 72 6.430021287116387E-2
2 153 1.2860042574232775E-1
2 410 4.7821964346301725E-2
2 773 6.430021287116387E-2
2 223 1.2860042574232775E-1
2 143 6.430021287116387E-2
2 90 6.430021287116387E-2
2 578 1.2860042574232775E-1
2 768 6.430021287116387E-2
2 239 1.2860042574232775E-1
2 755 8.503430638322473E-2
2 522 5.46610554065558E-2
2 547 1.639831662196674E-1
2 807 1.2860042574232775E-1
2 544 1.093221108131116E-1
2 472 6.430021287116387E-2
2 417 1.639831662196674E-1
2 549 6.430021287116387E-2
2 419 4.7821964346301725E-2
2 257 4.251715319161237E-2
2 54 5.46610554065558E-2
2 481 6.430021287116387E-2
2 267 6.430021287116387E-2
2 360 6.430021287116387E-2
2 340 1.093221108131116E-1
2 576 6.430021287116387E-2
2 378 1.2860042574232775E-1
2 136 3.215010643558194E-1
2 805 1.2860042574232775E-1
2 280 1.093221108131116E-1
2 613 6.430021287116387E-2
2 516 4.7821964346301725E-2
2 738 5.46610554065558E-2
2 437 5.46610554065558E-2
2 377 3.215010643558194E-1
2 138 1.9290063861349163E-1
2 506 1.093221108131116E-1
2 602 5.46610554065558E-2
2 615 6.430021287116387E-2
2 39 9.564392869260345E-2
2 191 1.093221108131116E-1
2 652 6.430021287116387E-2
2 258 4.7821964346301725E-2
2 749 3.8182806881693655E-2
2 742 7.636561376338731E-2
2 51 4.7821964346301725E-2
2 273 1.093221108131116E-1
2 447 4.251715319161237E-2
2 384 4.251715319161237E-2
2 270 3.134371582143957E-2
2 274 1.4346589303890517E-1
2 408 4.7821964346301725E-2
2 783 2.186442216262232E-1
2 808 4.7821964346301725E-2
2 570 4.251715319161237E-2
2 409 5.46610554065558E-2
2 802 3.8182806881693655E-2
2 797 4.251715319161237E-2
2 311 4.251715319161237E-2
2 372 4.251715319161237E-2
2 211 3.8182806881693655E-2
2 723 3.8182806881693655E-2
2 13 3.4518169292865816E-2
2 305 3.4518169292865816E-2
2 208 3.8182806881693655E-2
2 468 7.636561376338731E-2
2 404 3.8182806881693655E-2
3 631 7.614815072799137E-2
3 376 7.614815072799137E-2
3 601 6.473288501220724E-2
3 272 7.614815072799137E-2
3 215 6.473288501220724E-2
3 184 6.473288501220724E-2
3 703 7.614815072799137E-2
3 288 7.614815072799137E-2
3 679 7.614815072799137E-2
3 667 7.614815072799137E-2
3 23 7.614815072799137E-2
3 698 7.614815072799137E-2
3 635 7.614815072799137E-2
3 231 7.614815072799137E-2
3 84 6.473288501220724E-2
3 213 7.614815072799137E-2
3 16 7.614815072799137E-2
3 487 7.614815072799137E-2
3 189 7.614815072799137E-2
3 646 7.614815072799137E-2
3 396 7.614815072799137E-2
3 198 7.614815072799137E-2
3 398 7.614815072799137E-2
3 266 6.473288501220724E-2
3 674 6.473288501220724E-2
3 269 7.614815072799137E-2
3 610 7.614815072799137E-2
3 150 7.614815072799137E-2
3 260 7.614815072799137E-2
3 369 7.614815072799137E-2
3 791 7.614815072799137E-2
3 535 7.614815072799137E-2
3 268 7.614815072799137E-2
3 697 7.614815072799137E-2
3 333 7.614815072799137E-2
3 290 6.473288501220724E-2
3 344 6.473288501220724E-2
3 130 7.614815072799137E-2
3 563 7.614815072799137E-2
3 798 6.473288501220724E-2
3 109 7.614815072799137E-2
3 718 1.5229630145598275E-1
3 362 5.663362509308126E-2
3 33 5.663362509308126E-2
3 401 7.614815072799137E-2
3 330 7.614815072799137E-2
3 262 7.614815072799137E-2
3 206 5.663362509308126E-2
3 92 7.614815072799137E-2
3 712 7.614815072799137E-2
3 320 7.614815072799137E-2
3 655 7.614815072799137E-2
3 741 7.614815072799137E-2
3 533 7.614815072799137E-2
3 32 7.614815072799137E-2
3 592 7.614815072799137E-2
3 442 7.614815072799137E-2
3 548 7.614815072799137E-2
3 4 7.614815072799137E-2
3 3 7.614815072799137E-2
3 17 7.614815072799137E-2
3 225 7.614815072799137E-2
3 338 6.473288501220724E-2
3 29 7.614815072799137E-2
3 757 1.5229630145598275E-1
3 251 7.614815072799137E-2
3 804 1.5229630145598275E-1
3 609 1.2946577002441448E-1
3 720 6.473288501220724E-2
3 597 7.614815072799137E-2
3 156 4.521835937729713E-2
3 744 7.614815072799137E-2
3 146 6.473288501220724E-2
3 121 7.614815072799137E-2
3 323 7.614815072799137E-2
3 45 7.614815072799137E-2
3 743 1.5229630145598275E-1
3 60 7.614815072799137E-2
3 287 7.614815072799137E-2
3 279 5.330370550959396E-1
3 118 1.2946577002441448E-1
3 775 1.5229630145598275E-1
3 748 1.5229630145598275E-1
3 359 5.663362509308126E-2
3 105 6.473288501220724E-2
3 755 5.0351351032804054E-2
3 257 5.0351351032804054E-2
3 54 6.473288501220724E-2
3 280 6.473288501220724E-2
3 516 1.1326725018616252E-1
3 258 5.663362509308126E-2
3 375 5.663362509308126E-2
3 322 6.473288501220724E-2
3 443 6.473288501220724E-2
3 749 4.521835937729713E-2
3 742 2.2609179688648565E-1
3 51 5.663362509308126E-2
3 384 5.0351351032804054E-2
3 462 4.0878476770117286E-2
3 583 5.0351351032804054E-2
3 626 6.473288501220724E-2
3 739 6.473288501220724E-2
3 102 5.663362509308126E-2
3 802 4.521835937729713E-2
3 211 4.521835937729713E-2
3 723 4.521835937729713E-2
3 13 4.0878476770117286E-2
3 305 4.0878476770117286E-2
3 208 9.043671875459426E-2
3 468 4.521835937729713E-2
3 404 4.521835937729713E-2
4 520 3.2578685216613466E-2
4 224 4.6638407784311636E-2
4 430 4.6638407784311636E-2
4 154 4.080309568925986E-2
4 282 5.486281825695803E-2
4 801 5.486281825695803E-2
4 690 3.2578685216613466E-2
4 12 3.627687598839594E-2
4 617 5.486281825695803E-2
4 127 3.2578685216613466E-2
4 43 5.486281825695803E-2
4 552 1.0972563651391606E-1
4 283 5.486281825695803E-2
4 27 5.486281825695803E-2
4 564 4.080309568925986E-2
4 640 4.080309568925986E-2
4 108 5.486281825695803E-2
4 542 5.486281825695803E-2
4 709 5.486281825695803E-2
4 55 5.486281825695803E-2
4 241 5.486281825695803E-2
4 308 5.486281825695803E-2
4 557 4.080309568925986E-2
4 5 4.6638407784311636E-2
4 699 1.0972563651391606E-1
4 673 1.0972563651391606E-1
4 441 2.1945127302783213E-1
4 247 4.6638407784311636E-2
4 746 5.486281825695803E-2
4 627 5.486281825695803E-2
4 80 4.080309568925986E-2
4 292 4.6638407784311636E-2
4 281 5.486281825695803E-2
4 608 5.486281825695803E-2
4 705 3.627687598839594E-2
4 623 5.486281825695803E-2
4 24 4.6638407784311636E-2
4 536 1.0972563651391606E-1
4 147 4.6638407784311636E-2
4 607 5.486281825695803E-2
4 529 5.486281825695803E-2
4 7 9.327681556862327E-2
4 88 1.0972563651391606E-1
4 81 9.327681556862327E-2
4 440 1.0972563651391606E-1
4 326 1.645884547708741E-1
4 605 4.6638407784311636E-2
4 306 5.486281825695803E-2
4 708 4.6638407784311636E-2
4 164 3.627687598839594E-2
4 119 4.6638407784311636E-2
4 345 5.486281825695803E-2
4 204 8.160619137851972E-2
4 291 5.486281825695803E-2
4 298 5.486281825695803E-2
4 573 4.6638407784311636E-2
4 42 4.6638407784311636E-2
4 467 5.486281825695803E-2
4 704 5.486281825695803E-2
4 144 5.486281825695803E-2
4 521 4.6638407784311636E-2
4 46 5.486281825695803E-2
4 112 5.486281825695803E-2
4 228 1.0972563651391606E-1
4 141 5.486281825695803E-2
4 512 5.486281825695803E-2
4 764 4.6638407784311636E-2
4 439 5.486281825695803E-2
4 388 9.327681556862327E-2
4 248 5.486281825695803E-2
4 514 8.160619137851972E-2
4 210 5.486281825695803E-2
4 530 4.6638407784311636E-2
4 8 8.160619137851972E-2
4 502 1.0972563651391606E-1
4 98 1.645884547708741E-1
4 457 1.0972563651391606E-1
4 74 5.486281825695803E-2
4 93 4.080309568925986E-2
4 11 4.6638407784311636E-2
4 772 4.6638407784311636E-2
4 618 5.486281825695803E-2
4 250 3.2578685216613466E-2
4 82 1.0972563651391606E-1
4 97 1.0972563651391606E-1
4 53 1.0972563651391606E-1
4 126 8.160619137851972E-2
4 371 5.486281825695803E-2
4 155 5.486281825695803E-2
4 429 5.486281825695803E-2
4 689 5.486281825695803E-2
4 485 1.0972563651391606E-1
4 350 1.0972563651391606E-1
4 41 1.0972563651391606E-1
4 574 5.486281825695803E-2
4 309 2.743140912847902E-1
4 810 3.627687598839594E-2
4 675 5.486281825695803E-2
4 453 2.4481857413555919E-1
4 111 4.3890254605566426E-1
4 422 5.486281825695803E-2
4 727 3.2578685216613466E-2
4 433 5.486281825695803E-2
4 18 5.486281825695803E-2
4 492 2.1945127302783213E-1
4 509 1.645884547708741E-1
4 444 5.486281825695803E-2
4 432 5.486281825695803E-2
4 674 4.6638407784311636E-2
4 33 4.080309568925986E-2
4 338 1.399152233529349E-1
4 609 4.6638407784311636E-2
4 156 9.77360556498404E-2
4 85 3.627687598839594E-2
4 452 2.9451909471464373E-2
4 500 4.6638407784311636E-2
4 466 4.6638407784311636E-2
4 506 4.6638407784311636E-2
4 553 4.080309568925986E-2
4 270 5.348674624312339E-2
4 666 4.080309568925986E-2
4 462 2.9451909471464373E-2
4 694 3.627687598839594E-2
4 293 5.8903818942928746E-2
4 541 9.327681556862327E-2
4 203 2.9451909471464373E-2
5 56 1.275713602663979E-1
5 721 6.378568013319895E-2
5 296 6.378568013319895E-2
5 265 6.378568013319895E-2
5 692 6.378568013319895E-2
5 489 6.378568013319895E-2
5 571 1.0844731114317147E-1
5 747 6.378568013319895E-2
5 695 6.378568013319895E-2
5 244 6.378568013319895E-2
5 107 6.378568013319895E-2
5 686 6.378568013319895E-2
5 75 6.378568013319895E-2
5 722 6.378568013319895E-2
5 304 6.378568013319895E-2
5 242 6.378568013319895E-2
5 745 6.378568013319895E-2
5 777 4.743929117694121E-2
5 87 5.422365557158573E-2
5 6 6.378568013319895E-2
5 413 5.422365557158573E-2
5 200 5.422365557158573E-2
5 235 6.378568013319895E-2
5 91 6.378568013319895E-2
5 558 6.378568013319895E-2
5 596 6.378568013319895E-2
5 373 6.378568013319895E-2
5 786 6.378568013319895E-2
5 125 6.378568013319895E-2
5 277 6.378568013319895E-2
5 28 5.422365557158573E-2
5 178 6.378568013319895E-2
5 761 6.378568013319895E-2
5 619 6.378568013319895E-2
5 114 1.9135704039959683E-1
5 221 1.9135704039959683E-1
5 643 6.378568013319895E-2
5 341 6.378568013319895E-2
5 334 6.378568013319895E-2
5 69 1.275713602663979E-1
5 402 1.275713602663979E-1
5 120 1.275713602663979E-1
5 339 1.275713602663979E-1
5 588 5.422365557158573E-2
5 729 6.378568013319895E-2
5 165 6.378568013319895E-2
5 670 6.378568013319895E-2
5 393 4.743929117694121E-2
5 160 6.378568013319895E-2
5 710 1.0844731114317147E-1
5 476 6.378568013319895E-2
5 424 6.378568013319895E-2
5 459 6.378568013319895E-2
5 193 1.275713602663979E-1
5 226 6.378568013319895E-2
5 94 6.378568013319895E-2
5 264 3.8271408079919367E-1
5 661 6.378568013319895E-2
5 59 6.378568013319895E-2
5 478 6.378568013319895E-2
5 650 1.626709667147572E-1
5 406 1.275713602663979E-1
5 307 6.378568013319895E-2
5 295 5.422365557158573E-2
5 186 1.275713602663979E-1
5 183 1.9135704039959683E-1
5 496 6.378568013319895E-2
5 651 6.378568013319895E-2
5 263 2.551427205327958E-1
5 133 2.551427205327958E-1
5 294 6.378568013319895E-2
5 366 6.378568013319895E-2
5 676 6.378568013319895E-2
5 20 6.378568013319895E-2
5 491 6.378568013319895E-2
5 131 6.378568013319895E-2
5 316 6.378568013319895E-2
5 693 6.378568013319895E-2
5 690 3.7877266615328E-2
5 127 3.7877266615328E-2
5 557 4.743929117694121E-2
5 80 9.487858235388243E-2
5 147 5.422365557158573E-2
5 7 1.0844731114317147E-1
5 164 4.2176929321965345E-2
5 388 1.0844731114317147E-1
5 8 9.487858235388243E-2
5 93 4.743929117694121E-2
5 772 5.422365557158573E-2
5 250 3.7877266615328E-2
5 727 3.7877266615328E-2
5 344 1.0844731114317147E-1
5 146 5.422365557158573E-2
5 118 1.0844731114317147E-1
5 187 4.743929117694121E-2
5 348 4.743929117694121E-2
5 452 3.424195359523847E-2
5 620 4.743929117694121E-2
5 419 4.743929117694121E-2
5 628 4.2176929321965345E-2
5 696 4.743929117694121E-2
5 207 4.2176929321965345E-2
5 274 4.743929117694121E-2
5 408 4.743929117694121E-2
5 462 3.424195359523847E-2
5 575 2.711182778579287E-1
5 486 5.422365557158573E-2
5 293 6.848390719047694E-2
5 493 4.743929117694121E-2
5 203 3.424195359523847E-2
5 809 4.743929117694121E-2
5 13 3.424195359523847E-2
6 531 6.818999082390065E-2
6 659 6.818999082390065E-2
6 436 6.818999082390065E-2
6 458 6.818999082390065E-2
6 9 5.7967722036412254E-2
6 767 6.818999082390065E-2
6 325 1.363799816478013E-1
6 418 6.818999082390065E-2
6 170 5.071490690845971E-2
6 589 5.071490690845971E-2
6 62 5.7967722036412254E-2
6 64 6.818999082390065E-2
6 657 6.818999082390065E-2
6 197 6.818999082390065E-2
6 455 6.818999082390065E-2
6 65 6.818999082390065E-2
6 537 6.818999082390065E-2
6 218 6.818999082390065E-2
6 760 6.818999082390065E-2
6 778 6.818999082390065E-2
6 781 6.818999082390065E-2
6 448 6.818999082390065E-2
6 790 6.818999082390065E-2
6 672 1.363799816478013E-1
6 286 6.818999082390065E-2
6 505 6.818999082390065E-2
6 774 6.818999082390065E-2
6 482 6.818999082390065E-2
6 363 5.7967722036412254E-2
6 217 6.818999082390065E-2
6 471 6.818999082390065E-2
6 2 6.818999082390065E-2
6 246 6.818999082390065E-2
6 254 6.818999082390065E-2
6 648 1.363799816478013E-1
6 532 6.818999082390065E-2
6 70 6.818999082390065E-2
6 527 6.818999082390065E-2
6 331 1.363799816478013E-1
6 233 5.7967722036412254E-2
6 660 1.1593544407282451E-1
6 370 6.818999082390065E-2
6 665 6.818999082390065E-2
6 637 5.7967722036412254E-2
6 644 6.818999082390065E-2
6 668 6.818999082390065E-2
6 788 5.7967722036412254E-2
6 342 5.7967722036412254E-2
6 569 1.1593544407282451E-1
6 354 5.7967722036412254E-2
6 149 6.818999082390065E-2
6 128 5.071490690845971E-2
6 524 1.363799816478013E-1
6 391 5.071490690845971E-2
6 1 6.818999082390065E-2
6 245 3.4094995411950324E-1
6 219 4.7732993576730454E-1
6 490 3.4094995411950324E-1
6 380 6.818999082390065E-2
6 19 6.818999082390065E-2
6 463 1.7390316610923676E-1
6 96 1.7390316610923676E-1
6 351 6.818999082390065E-2
6 412 6.818999082390065E-2
6 588 5.7967722036412254E-2
6 650 1.1593544407282451E-1
6 690 4.049263812097132E-2
6 12 4.508918643556502E-2
6 127 4.049263812097132E-2
6 5 1.1593544407282451E-1
6 80 5.071490690845971E-2
6 708 5.7967722036412254E-2
6 204 1.521447207253791E-1
6 8 1.0142981381691941E-1
6 250 4.049263812097132E-2
6 126 5.071490690845971E-2
6 810 4.508918643556502E-2
6 727 4.049263812097132E-2
6 206 5.071490690845971E-2
6 546 5.7967722036412254E-2
6 410 1.521447207253791E-1
6 340 5.7967722036412254E-2
6 365 9.017837287113004E-2
6 694 4.508918643556502E-2
6 293 7.321262379191759E-2
6 305 7.321262379191759E-2
7 765 5.027048422022666E-2
7 232 5.027048422022666E-2
7 229 5.913539013206427E-2
7 300 5.913539013206427E-2
7 495 5.913539013206427E-2
7 134 5.027048422022666E-2
7 394 5.027048422022666E-2
7 34 5.913539013206427E-2
7 395 5.913539013206427E-2
7 68 5.913539013206427E-2
7 420 5.913539013206427E-2
7 346 5.027048422022666E-2
7 724 5.913539013206427E-2
7 104 5.913539013206427E-2
7 811 5.913539013206427E-2
7 598 5.913539013206427E-2
7 312 5.913539013206427E-2
7 199 5.913539013206427E-2
7 382 5.913539013206427E-2
7 503 5.913539013206427E-2
7 606 5.913539013206427E-2
7 313 5.913539013206427E-2
7 751 5.913539013206427E-2
7 390 5.913539013206427E-2
7 173 5.913539013206427E-2
7 579 5.913539013206427E-2
7 545 5.027048422022666E-2
7 716 5.913539013206427E-2
7 117 5.913539013206427E-2
7 212 5.913539013206427E-2
7 49 1.1827078026412854E-1
7 630 1.1827078026412854E-1
7 562 5.913539013206427E-2
7 499 5.913539013206427E-2
7 35 5.913539013206427E-2
7 799 5.913539013206427E-2
7 624 5.913539013206427E-2
7 399 5.913539013206427E-2
7 201 5.913539013206427E-2
7 611 1.1827078026412854E-1
7 271 5.913539013206427E-2
7 83 5.913539013206427E-2
7 473 5.913539013206427E-2
7 649 5.913539013206427E-2
7 188 5.913539013206427E-2
7 67 5.913539013206427E-2
7 383 5.913539013206427E-2
7 259 5.913539013206427E-2
7 752 5.913539013206427E-2
7 174 5.913539013206427E-2
7 642 1.7740617039619283E-1
7 717 5.913539013206427E-2
7 50 5.913539013206427E-2
7 110 5.913539013206427E-2
7 392 5.913539013206427E-2
7 517 5.913539013206427E-2
7 551 8.796146675801922E-2
7 47 5.913539013206427E-2
7 513 5.913539013206427E-2
7 379 1.7740617039619283E-1
7 397 1.1827078026412854E-1
7 787 1.7740617039619283E-1
7 566 2.365415605282571E-1
7 252 5.913539013206427E-2
7 278 5.913539013206427E-2
7 76 1.1827078026412854E-1
7 543 5.913539013206427E-2
7 276 5.027048422022666E-2
7 387 1.1827078026412854E-1
7 185 5.913539013206427E-2
7 284 5.913539013206427E-2
7 151 5.913539013206427E-2
7 510 1.0054096844045332E-1
7 167 5.913539013206427E-2
7 86 5.027048422022666E-1
7 220 2.638844002740577E-1
7 230 5.027048422022666E-2
7 234 5.913539013206427E-2
7 454 5.913539013206427E-2
7 132 1.1827078026412854E-1
7 391 8.796146675801922E-2
7 393 4.398073337900961E-2
7 710 5.027048422022666E-2
7 295 5.027048422022666E-2
7 520 3.5115827467172E-2
7 640 4.398073337900961E-2
7 705 7.820404720365365E-2
7 605 5.027048422022666E-2
7 164 1.1730607080548047E-1
7 514 8.796146675801922E-2
7 266 5.027048422022666E-2
7 362 8.796146675801922E-2
7 156 7.0231654934344E-2
7 187 4.398073337900961E-2
7 534 4.398073337900961E-2
7 452 3.174554665733742E-2
7 554 5.027048422022666E-2
7 71 8.796146675801922E-2
7 419 4.398073337900961E-2
7 602 5.027048422022666E-2
7 289 5.027048422022666E-2
7 749 3.5115827467172E-2
7 628 3.9102023601826824E-2
7 732 5.027048422022666E-2
7 175 5.027048422022666E-2
7 236 4.398073337900961E-2
7 253 4.398073337900961E-2
7 528 5.027048422022666E-2
7 803 5.027048422022666E-2
7 447 3.9102023601826824E-2
7 180 5.027048422022666E-2
7 207 3.9102023601826824E-2
7 553 4.398073337900961E-2
7 270 5.765215325190989E-2
7 792 5.027048422022666E-2
7 583 1.1730607080548047E-1
7 386 5.027048422022666E-2
7 89 4.398073337900961E-2
7 570 3.9102023601826824E-2
7 493 4.398073337900961E-2
7 102 4.398073337900961E-2
7 594 5.027048422022666E-2
7 203 3.174554665733742E-2
7 809 4.398073337900961E-2
7 797 3.9102023601826824E-2
7 311 3.9102023601826824E-2
7 372 3.9102023601826824E-2
7 211 3.5115827467172E-2
7 625 1.7592293351603844E-1
7 723 3.5115827467172E-2
7 13 3.174554665733742E-2
7 305 3.174554665733742E-2
7 208 3.5115827467172E-2
7 468 7.0231654934344E-2
7 404 3.5115827467172E-2
8 99 5.689184280452162E-2
8 129 5.689184280452162E-2
8 57 5.689184280452162E-2
8 195 5.689184280452162E-2
8 677 5.689184280452162E-2
8 240 5.689184280452162E-2
8 539 5.689184280452162E-2
8 641 5.689184280452162E-2
8 446 5.689184280452162E-2
8 10 4.8363264021379755E-2
8 416 5.689184280452162E-2
8 706 5.689184280452162E-2
8 600 5.689184280452162E-2
8 479 1.1378368560904324E-1
8 61 5.689184280452162E-2
8 162 5.689184280452162E-2
8 403 4.8363264021379755E-2
8 639 4.8363264021379755E-2
8 475 1.1378368560904324E-1
8 358 1.1378368560904324E-1
8 321 5.689184280452162E-2
8 115 5.689184280452162E-2
8 680 5.689184280452162E-2
8 95 5.689184280452162E-2
8 556 5.689184280452162E-2
8 595 1.1378368560904324E-1
8 538 1.1378368560904324E-1
8 599 5.689184280452162E-2
8 477 5.689184280452162E-2
8 168 5.689184280452162E-2
8 494 4.8363264021379755E-2
8 140 3.982428996316513E-1
8 504 1.1378368560904324E-1
8 585 1.1378368560904324E-1
8 423 1.7067552841356487E-1
8 523 1.7067552841356487E-1
8 497 1.4508979206413927E-1
8 310 2.844592140226081E-1
8 337 5.689184280452162E-2
8 148 5.689184280452162E-2
8 142 5.689184280452162E-2
8 789 5.689184280452162E-2
8 460 1.1378368560904324E-1
8 688 1.4508979206413927E-1
8 285 5.689184280452162E-2
8 26 2.844592140226081E-1
8 740 2.844592140226081E-1
8 754 5.689184280452162E-2
8 25 2.844592140226081E-1
8 227 5.689184280452162E-2
8 256 5.689184280452162E-2
8 14 5.689184280452162E-2
8 793 5.689184280452162E-2
8 663 5.689184280452162E-2
8 480 5.689184280452162E-2
8 249 5.689184280452162E-2
8 545 4.8363264021379755E-2
8 86 9.672652804275951E-2
8 220 4.231214107556016E-2
8 363 4.8363264021379755E-2
8 342 4.8363264021379755E-2
8 128 1.2693642322668047E-1
8 777 4.231214107556016E-2
8 87 9.672652804275951E-2
8 28 4.8363264021379755E-2
8 520 3.37835622924183E-2
8 224 4.8363264021379755E-2
8 154 8.462428215112032E-2
8 690 3.37835622924183E-2
8 12 7.523705094785924E-2
8 127 3.37835622924183E-2
8 557 8.462428215112032E-2
8 24 1.9345305608551902E-1
8 119 4.8363264021379755E-2
8 573 9.672652804275951E-2
8 521 4.8363264021379755E-2
8 93 4.231214107556016E-2
8 11 9.672652804275951E-2
8 250 3.37835622924183E-2
8 810 3.761852547392962E-2
8 727 3.37835622924183E-2
8 362 4.231214107556016E-2
8 33 4.231214107556016E-2
8 85 3.761852547392962E-2
8 196 4.8363264021379755E-2
8 452 6.108229424510274E-2
8 620 8.462428215112032E-2
8 662 9.672652804275951E-2
8 544 4.8363264021379755E-2
8 39 4.231214107556016E-2
8 191 4.8363264021379755E-2
8 465 4.8363264021379755E-2
8 236 4.231214107556016E-2
8 742 3.37835622924183E-2
8 270 2.7732439346598702E-2
8 462 3.054114712255137E-2
8 694 7.523705094785924E-2
8 293 6.108229424510274E-2
8 203 3.054114712255137E-2
9 52 7.407381904302449E-2
9 202 7.407381904302449E-2
9 209 7.407381904302449E-2
9 261 7.407381904302449E-2
9 707 7.407381904302449E-2
9 469 7.407381904302449E-2
9 653 7.407381904302449E-2
9 137 7.407381904302449E-2
9 328 7.407381904302449E-2
9 734 7.407381904302449E-2
9 681 7.407381904302449E-2
9 713 7.407381904302449E-2
9 567 7.407381904302449E-2
9 715 7.407381904302449E-2
9 638 7.407381904302449E-2
9 632 7.407381904302449E-2
9 415 7.407381904302449E-2
9 763 7.407381904302449E-2
9 161 7.407381904302449E-2
9 324 7.407381904302449E-2
9 347 7.407381904302449E-2
9 122 7.407381904302449E-2
9 78 7.407381904302449E-2
9 77 7.407381904302449E-2
9 730 1.2593902713817443E-1
9 315 2.9629527617209794E-1
9 728 1.4814763808604897E-1
9 656 1.4814763808604897E-1
9 731 7.407381904302449E-2
9 519 7.407381904302449E-2
9 714 2.2222145712907346E-1
9 501 6.296951356908721E-2
9 405 1.4814763808604897E-1
9 759 7.407381904302449E-2
9 368 7.407381904302449E-2
9 414 7.407381904302449E-2
9 762 7.407381904302449E-2
9 771 7.407381904302449E-2
9 192 7.407381904302449E-2
9 73 7.407381904302449E-2
9 318 7.407381904302449E-2
9 682 1.4814763808604897E-1
9 15 7.407381904302449E-2
9 336 7.407381904302449E-2
9 664 7.407381904302449E-2
9 31 7.407381904302449E-2
9 343 7.407381904302449E-2
9 411 7.407381904302449E-2
9 100 7.407381904302449E-2
9 40 7.407381904302449E-2
9 750 1.4814763808604897E-1
9 58 2.2222145712907346E-1
9 769 7.407381904302449E-2
9 314 7.407381904302449E-2
9 79 1.4814763808604897E-1
9 214 7.407381904302449E-2
9 484 7.407381904302449E-2
9 21 7.407381904302449E-2
9 590 7.407381904302449E-2
9 451 7.407381904302449E-2
9 10 1.2593902713817443E-1
9 639 6.296951356908721E-2
9 494 6.296951356908721E-2
9 497 1.2593902713817443E-1
9 688 6.296951356908721E-2
9 551 5.509088345271295E-2
9 9 6.296951356908721E-2
9 170 5.509088345271295E-2
9 589 5.509088345271295E-2
9 62 6.296951356908721E-2
9 233 6.296951356908721E-2
9 660 1.2593902713817443E-1
9 637 6.296951356908721E-2
9 569 6.296951356908721E-2
9 128 5.509088345271295E-2
9 391 5.509088345271295E-2
9 463 6.296951356908721E-2
9 96 6.296951356908721E-2
9 413 1.2593902713817443E-1
9 520 4.3986577978775684E-2
9 430 6.296951356908721E-2
9 154 1.101817669054259E-1
9 690 8.797315595755137E-2
9 12 9.795948632550891E-2
9 127 4.3986577978775684E-2
9 564 5.509088345271295E-2
9 247 6.296951356908721E-2
9 705 4.8979743162754455E-2
9 81 1.8890854070726162E-1
9 204 5.509088345271295E-2
9 530 6.296951356908721E-2
9 250 4.3986577978775684E-2
9 126 5.509088345271295E-2
9 810 9.795948632550891E-2
9 453 2.203635338108518E-1
9 727 4.3986577978775684E-2
9 206 1.101817669054259E-1
9 720 6.296951356908721E-2
9 156 4.3986577978775684E-2
9 452 3.9764916968772476E-2
9 604 6.296951356908721E-2
9 71 5.509088345271295E-2
9 449 6.296951356908721E-2
9 410 5.509088345271295E-2
9 755 4.8979743162754455E-2
9 522 6.296951356908721E-2
9 417 6.296951356908721E-2
9 257 1.4693922948826338E-1
9 39 5.509088345271295E-2
9 696 5.509088345271295E-2
9 365 9.795948632550891E-2
9 270 1.0832384358720427E-1
9 462 7.952983393754495E-2
9 570 4.8979743162754455E-2
9 293 7.952983393754495E-2
9 802 8.797315595755137E-2
9 203 3.9764916968772476E-2
9 625 5.509088345271295E-2
10 725 6.590802403499697E-2
10 593 6.590802403499697E-2
10 364 6.590802403499697E-2
10 243 6.590802403499697E-2
10 30 6.590802403499697E-2
10 181 6.590802403499697E-2
10 222 6.590802403499697E-2
10 194 6.590802403499697E-2
10 511 6.590802403499697E-2
10 669 6.590802403499697E-2
10 806 6.590802403499697E-2
10 44 6.590802403499697E-2
10 733 6.590802403499697E-2
10 152 6.590802403499697E-2
10 515 6.590802403499697E-2
10 48 6.590802403499697E-2
10 101 6.590802403499697E-2
10 145 6.590802403499697E-2
10 297 6.590802403499697E-2
10 400 6.590802403499697E-2
10 572 6.590802403499697E-2
10 445 6.590802403499697E-2
10 385 6.590802403499697E-2
10 622 6.590802403499697E-2
10 172 1.3181604806999395E-1
10 582 6.590802403499697E-2
10 719 6.590802403499697E-2
10 37 6.590802403499697E-2
10 176 6.590802403499697E-2
10 124 6.590802403499697E-2
10 782 6.590802403499697E-2
10 561 6.590802403499697E-2
10 671 6.590802403499697E-2
10 581 6.590802403499697E-2
10 177 6.590802403499697E-2
10 301 6.590802403499697E-2
10 139 6.590802403499697E-2
10 559 6.590802403499697E-2
10 389 6.590802403499697E-2
10 349 6.590802403499697E-2
10 616 3.2954012017498485E-1
10 770 6.590802403499697E-2
10 426 6.590802403499697E-2
10 63 6.590802403499697E-2
10 374 6.590802403499697E-2
10 658 1.3181604806999395E-1
10 586 6.590802403499697E-2
10 614 6.590802403499697E-2
10 587 6.590802403499697E-2
10 766 6.590802403499697E-2
10 135 6.590802403499697E-2
10 470 6.590802403499697E-2
10 565 6.590802403499697E-2
10 550 6.590802403499697E-2
10 776 2.636320961399879E-1
10 335 1.3181604806999395E-1
10 730 1.1205568357081463E-1
10 501 5.602784178540732E-2
10 403 5.602784178540732E-2
10 765 1.1205568357081463E-1
10 232 1.1205568357081463E-1
10 134 5.602784178540732E-2
10 394 1.1205568357081463E-1
10 346 5.602784178540732E-2
10 551 1.4705322275613977E-1
10 276 5.602784178540732E-2
10 510 5.602784178540732E-2
10 220 4.9017740918713255E-2
10 230 1.6808352535622195E-1
10 170 4.9017740918713255E-2
10 589 4.9017740918713255E-2
10 788 5.602784178540732E-2
10 354 5.602784178540732E-2
10 571 1.1205568357081463E-1
10 777 4.9017740918713255E-2
10 200 5.602784178540732E-2
10 393 4.9017740918713255E-2
10 520 7.827511733824721E-2
10 564 9.803548183742651E-2
10 640 4.9017740918713255E-2
10 292 5.602784178540732E-2
10 705 4.3580284252979856E-2
10 164 8.716056850595971E-2
10 42 5.602784178540732E-2
10 764 1.1205568357081463E-1
10 514 4.9017740918713255E-2
10 453 4.9017740918713255E-2
10 601 5.602784178540732E-2
10 215 5.602784178540732E-2
10 184 5.602784178540732E-2
10 84 5.602784178540732E-2
10 290 5.602784178540732E-2
10 798 5.602784178540732E-2
10 156 2.3482535201474167E-1
10 359 4.9017740918713255E-2
10 85 4.3580284252979856E-2
10 534 4.9017740918713255E-2
10 348 9.803548183742651E-2
10 38 5.602784178540732E-2
10 255 5.602784178540732E-2
10 755 4.3580284252979856E-2
10 547 2.8013920892703664E-1
10 257 8.716056850595971E-2
10 516 4.9017740918713255E-2
10 738 5.602784178540732E-2
10 437 5.602784178540732E-2
10 258 4.9017740918713255E-2
10 375 4.9017740918713255E-2
10 749 3.913755866912361E-2
10 628 4.3580284252979856E-2
10 742 3.913755866912361E-2
10 253 4.9017740918713255E-2
10 365 4.3580284252979856E-2
10 447 4.3580284252979856E-2
10 384 4.3580284252979856E-2
10 207 1.3074085275893957E-1
10 270 1.2850983120971815E-1
10 666 1.4705322275613977E-1
10 583 4.3580284252979856E-2
10 808 4.9017740918713255E-2
10 89 4.9017740918713255E-2
10 802 2.3482535201474167E-1
10 797 4.3580284252979856E-2
10 311 4.3580284252979856E-2
10 372 4.3580284252979856E-2
10 211 3.913755866912361E-2
10 723 3.913755866912361E-2
10 13 3.5381287709835146E-2
10 305 3.5381287709835146E-2
10 208 3.913755866912361E-2
10 468 3.913755866912361E-2
10 404 3.913755866912361E-2
